  0.00093616
  0.00186824
  0.00288619
  0.00377551
  0.00427230
  0.00410526
  0.00304993
  0.00098732
 -0.00204334
 -0.00580830
 -0.00986886
 -0.01360303
 -0.01626089
 -0.01704966
 -0.01523921
 -0.01027417
 -0.00187642
  0.00987846
  0.02452465
  0.04121840
  0.05880130
  0.07590933
  0.09111552
  0.10308827
  0.11074476
  0.11337868
  0.11074476
  0.10308827
  0.09111552
  0.07590933
  0.05880130
  0.04121840
  0.02452465
  0.00987846
 -0.00187642
 -0.01027417
 -0.01523921
 -0.01704966
 -0.01626089
 -0.01360303
 -0.00986886
 -0.00580830
 -0.00204334
  0.00098732
  0.00304993
  0.00410526
  0.00427230
  0.00377551
  0.00288619
  0.00186824
  0.00093616
